triggersfile version 1
42
0.100000 0.000000 100000000.000000  1 37 1 0  1 1120 1 216172782113783828 
5.000000 0.000000 20.000000  4 2271 1 1224979098644774912 1073741854 2 1224979098644774912 20 2147483680 2 1224979098644774912 1 2133 2 72057594037927945 1224979098644774912  44 1 1 936748722493063371 1 1 936748722493064031 6 3 1224979098644774912 432345564227567657 432345564227567689 542 3 1224979098644774912 9 0 6 3 1224979098644774913 1224979098644774912 432345564227567689 542 3 1224979098644774913 9 0 2147483678 2 1224979098644774912 1224979098644774913 2120 3 1224979098644774914 1224979098644774913 56 2106 2 1224979098644774914 432345564227567657 522 3 1224979098644774915 1224979098644774912 1224979098644774914 4 0 30 2 1224979098644774915 1 2106 2 1224979098644774915 1 502 3 1224979098644774912 1224979098644774914 1224979098644774915 3 0 2120 3 1224979098644774916 1224979098644774913 106 2106 2 1224979098644774916 432345564227567657 522 3 1224979098644774917 1224979098644774912 1224979098644774916 4 0 30 2 1224979098644774917 1 2106 2 1224979098644774917 1 4 0 2190 3 1224979098644774918 1224979098644774912 1224979098644774913 2147483678 2 1224979098644774918 0 2133 2 1224979098644774917 0 3 0 502 3 1224979098644774912 1224979098644774916 1224979098644774917 3 0 4 0 2190 3 1224979098644774918 1224979098644774912 1224979098644774913 2147483678 2 1224979098644774918 0 2120 3 1224979098644774919 1224979098644774913 156 2106 2 1224979098644774919 432345564227567657 522 3 1224979098644774920 1224979098644774912 1224979098644774919 2105 2 1224979098644774920 1 502 3 1224979098644774912 1224979098644774919 1224979098644774920 3 0 3 0 1 2 936748722493063996 1224979098644774912 4 0 31 2 144115188075855877 2 1106 1 1585267068834417081 3 0 3 0 
4.000000 0.000000 1.000000  1 37 0  14 6 3 1224979098644774912 648518346341351448 648518346341351565 2204 2 1224979098644774913 1224979098644774912 2190 3 1224979098644774914 432345564227567657 1224979098644774913 2147483678 2 1224979098644774914 -1 2281 3 1224979098644774915 648518346341351424 1224979098644774912 2133 2 1224979098644774912 72057594037927938 2147483678 2 1224979098644774915 5 1106 2 1585267068834417082 16724787 2133 2 144115188075857426 1 4 0 32 2 144115188075855877 0 1106 1 1585267068834417083 3 0 3 0 
0.000000 2.000000 0.000000  2 132 1 144115188075856338 131 1 144115188075856338  2 1640 2 144115188075856338 4 1641 2 144115188075856338 648518346341351424 
3.000000 1.000000 100000000.000000  2 37 0 32 2 144115188075856514 40  1 1120 1 216172782113787779 
3.000000 1.000000 100000000.000000  2 37 0 30 2 144115188075856514 100  1 1120 1 216172782113787780 
5.700000 0.000000 0.000000  2 2310 2 72057594037927938 576460752303423496 2147483678 2 72057594037927938 4  4 1103 1 1 2120 3 1224979098644774912 648518346341351489 1 2136 3 1224979098644774913 648518346341351448 1224979098644774912 1100 2 1224979098644774913 576460752303423496 
1.000000 0.000000 0.000000  3 200 1 504403158265495611 2147483851 1 504403158265495611 2147483850 1 504403158265495611  29 526 3 1224979098644774912 504403158265495611 6 4 0 132 1 1224979098644774912 2204 2 1224979098644774913 1224979098644774912 2147483681 3 1224979098644774913 432345564227567657 432345564227567689 2133 2 1224979098644774914 8 4 0 2273 0 2133 2 1224979098644774914 5 3 0 11 1 1224979098644774915 32 2 1224979098644774915 648518346341351869 2204 2 1224979098644774916 1224979098644774915 33 3 1224979098644774916 432345564227567657 432345564227567689 2281 3 1224979098644774917 1224979098644774915 1224979098644774912 2147483678 2 1224979098644774917 1224979098644774914 4 0 31 2 144115188075855877 1 2330 2 4 1224979098644774915 1106 1 1585267068834417084 3 0 1 2 936748722493063300 1224979098644774912 2133 2 1224979098644774918 72057594037927936 1 6 936748722493063515 70 1224979098644774915 1224979098644774918 1224979098644774912 -1 3 0 5 0 1106 1 216172782113783826 1 3 936748722493063398 504403158265495611 0 3 0 
2.000000 0.000000 0.000000  2 2311 2 72057594037927938 576460752303423526 131 1 72057594037927938  5 2204 2 1224979098644774912 72057594037927938 1 3 936748722493063282 1224979098644774912 -1 1640 2 72057594037927938 1 1641 2 72057594037927938 72057594037927936 1603 3 72057594037927938 65536 0 
1.500000 0.000000 0.000000  2 2311 2 72057594037927938 576460752303423522 131 1 72057594037927938  5 2204 2 1224979098644774912 72057594037927938 1 3 936748722493063282 1224979098644774912 -1 1640 2 72057594037927938 1 1641 2 72057594037927938 72057594037927936 1603 3 72057594037927938 65536 0 
1.000000 0.000000 0.000000  0  13 6 3 1224979098644774912 432345564227567657 432345564227567689 542 3 1224979098644774912 9 0 4 0 2136 3 1224979098644774913 0 100 2147483678 2 1224979098644774913 10 1 3 936748722493063330 1224979098644774912 11 3 0 4 0 2136 3 1224979098644774913 0 100 2147483678 2 1224979098644774913 10 1 3 936748722493063330 1224979098644774912 5 3 0 3 0 
0.000000 0.000000 24.000000  2 2272 1 1224979098644774912 31 2 1224979098644774912 144115188075856535  1 1 1 936748722493063815 
0.200000 0.000000 0.000000  43 200 1 504403158265495571 2147483852 1 504403158265495571 546 3 504403158265495571 9 2 526 3 1224979098644774912 504403158265495571 0 526 3 1224979098644774913 504403158265495571 6 4 0 2147483780 1 1224979098644774913 506 3 504403158265495571 9 3 1 2 936748722493063454 504403158265495571 5 0 130 2 1224979098644774913 1224979098644774912 1232 1 1224979098644774913 506 3 504403158265495571 9 3 526 3 1224979098644774914 504403158265495571 3 2133 2 1224979098644774915 0 6 3 1224979098644774916 432345564227567657 432345564227567689 542 3 1224979098644774916 9 0 2147483679 2 1224979098644774916 432345564227567657 2147484194 3 504403158265495571 2 1224979098644774916 2105 2 1224979098644774915 1 3 0 4 0 32 2 1224979098644774915 0 2136 3 1224979098644774917 0 1224979098644774915 2133 2 1224979098644774918 -1 6 3 1224979098644774916 432345564227567657 432345564227567689 31 2 1224979098644774918 -1 542 3 1224979098644774916 9 0 2147483679 2 1224979098644774916 432345564227567657 2147484194 3 504403158265495571 2 1224979098644774916 2106 2 1224979098644774917 1 2147483678 2 1224979098644774917 0 2133 2 1224979098644774918 1224979098644774916 3 0 3 0 4 0 32 2 1224979098644774918 0 1 3 936748722493063313 1224979098644774914 1224979098644774918 5 0 1 3 936748722493063313 1224979098644774914 432345564227567690 3 0 1 2 936748722493063453 504403158265495571 3 0  0 
0.200000 0.000000 0.000000  64 200 1 504403158265495566 2147483852 1 504403158265495566 526 3 1224979098644774912 504403158265495566 5 526 3 1224979098644774913 504403158265495566 0 4 0 132 1 144115188075856068 4 0 130 2 144115188075856068 1224979098644774913 1232 1 144115188075856068 2105 2 144115188075857432 1 5 0 130 2 144115188075856068 1224979098644774912 1232 1 144115188075856068 2105 2 144115188075856003 1 5 0 2281 3 1224979098644774914 648518346341351424 144115188075856068 32 2 1224979098644774914 3 1641 2 144115188075856068 1224979098644774913 3 0 3 0 4 0 132 1 144115188075856069 4 0 130 2 144115188075856069 1224979098644774913 1232 1 144115188075856069 2105 2 144115188075857432 1 5 0 130 2 144115188075856069 1224979098644774912 1232 1 144115188075856069 2105 2 144115188075856003 1 5 0 2281 3 1224979098644774914 648518346341351424 144115188075856069 32 2 1224979098644774914 3 1641 2 144115188075856069 1224979098644774913 3 0 3 0 4 0 132 1 144115188075856070 4 0 130 2 144115188075856070 1224979098644774913 1232 1 144115188075856070 2105 2 144115188075857432 1 5 0 130 2 144115188075856070 1224979098644774912 1232 1 144115188075856070 2105 2 144115188075856003 1 5 0 2281 3 1224979098644774914 648518346341351424 144115188075856070 32 2 1224979098644774914 3 1641 2 144115188075856070 1224979098644774913 3 0 3 0 2133 2 1224979098644774915 144115188075856003 2105 2 1224979098644774915 144115188075857432 30 2 1224979098644774915 3 4 0 30 2 144115188075856003 3 1 2 936748722493063453 504403158265495566 5 0 31 2 144115188075856003 0 1 2 936748722493063454 504403158265495566 5 0 1 2 936748722493063452 504403158265495566 3 0  0 
0.500000 0.000000 0.000000  94 200 1 504403158265495567 31 2 144115188075856002 0 526 3 1224979098644774912 504403158265495567 10 526 3 1224979098644774913 504403158265495567 5 2133 2 1224979098644774914 0 4 0 1073741854 2 144115188075857433 2 3221225604 1 144115188075856066 2147483780 1 144115188075856065 5 0 31 2 144115188075857434 0 2281 3 1224979098644774915 648518346341351424 144115188075856066 4 0 2133 2 1224979098644774916 3 4 0 2273 0 2133 2 1224979098644774916 1 3 0 2147483680 2 1224979098644774915 1224979098644774916 2281 3 1224979098644774917 648518346341351424 1224979098644774912 32 2 1224979098644774917 1 2105 2 144115188075857433 1 4 0 31 2 144115188075857433 2 2133 2 1224979098644774914 1 1106 1 216172782113783978 3 0 5 0 2281 3 1224979098644774915 144115188075856065 144115188075856066 2147483680 2 1224979098644774915 1 1660 2 144115188075856066 144115188075856065 2133 2 144115188075857434 1 2133 2 144115188075857435 0 3 0 5 0 31 2 144115188075857434 1 2281 3 1224979098644774915 648518346341351424 144115188075856065 4 0 2147483680 2 1224979098644774915 1 1661 1 144115188075856066 2105 2 144115188075857433 1 4 0 31 2 144115188075857433 2 2133 2 1224979098644774914 1 1106 1 216172782113783978 3 0 5 0 2105 2 144115188075857435 1 32 2 144115188075857435 4 1661 1 144115188075856066 2133 2 1224979098644774914 1 2133 2 144115188075857434 2 3 0 3 0 4 0 31 2 1224979098644774914 1 1641 2 144115188075856066 1224979098644774912 1641 2 144115188075856065 1224979098644774913 1640 2 144115188075856066 1 1640 2 144115188075856065 1 1603 3 144115188075856066 65536 0 1603 3 144115188075856065 65536 0 3 0 2133 2 1224979098644774918 0 4 0 132 1 144115188075856066 2105 2 1224979098644774918 1 130 2 144115188075856066 1224979098644774912 1232 1 144115188075856066 2133 2 144115188075857436 1 2106 2 1224979098644774918 1 3 0 4 0 132 1 144115188075856065 2105 2 1224979098644774918 1 130 2 144115188075856065 1224979098644774913 1232 1 144115188075856065 2133 2 144115188075857437 1 2106 2 1224979098644774918 1 3 0 4 0 31 2 144115188075857437 1 31 2 144115188075857436 1 1 2 936748722493063454 504403158265495567 3 0 4 0 31 2 1224979098644774918 0 2133 2 144115188075856002 1 1632 3 1224979098644774919 648518346341351424 360287970189641144 1632 3 1224979098644774920 648518346341351424 360287970189641145 32 2 1224979098644774919 0 32 2 1224979098644774920 0 1 2 936748722493063453 504403158265495567 3 0  0 
168.000000 0.000000 0.000000  0  2 2107 2 144115188075856109 101 2108 2 144115188075856109 100 
0.100000 0.000000 0.100000  2 200 1 504403158265495587 31 2 144115188075856153 1  6 526 3 1224979098644774912 504403158265495587 6 4 0 132 1 1224979098644774912 1640 2 1224979098644774912 0 1603 3 1224979098644774912 65536 0 3 0 
0.100000 0.000000 0.100000  2 200 1 504403158265495587 31 2 144115188075856153 0  7 526 3 1224979098644774912 504403158265495587 6 4 0 132 1 1224979098644774912 1640 2 1224979098644774912 10 1603 3 1224979098644774912 65536 0 1641 2 1224979098644774912 648518346341351424 3 0 
0.100000 0.000000 0.000000  3 200 1 504403158265495587 526 3 1224979098644774912 504403158265495587 6 2147483780 1 1224979098644774912  1 1 3 936748722493063398 504403158265495587 2 
0.100000 0.000000 0.100000  2 200 1 504403158265495622 31 2 144115188075856153 1  6 526 3 1224979098644774912 504403158265495622 6 4 0 132 1 1224979098644774912 1640 2 1224979098644774912 0 1603 3 1224979098644774912 65536 0 3 0 
0.100000 0.000000 0.100000  2 200 1 504403158265495622 31 2 144115188075856153 0  7 526 3 1224979098644774912 504403158265495622 6 4 0 132 1 1224979098644774912 1640 2 1224979098644774912 10 1603 3 1224979098644774912 65536 0 1641 2 1224979098644774912 648518346341351424 3 0 
0.100000 0.000000 0.000000  3 200 1 504403158265495622 526 3 1224979098644774912 504403158265495622 6 2147483780 1 1224979098644774912  1 1 3 936748722493063398 504403158265495622 2 
0.300000 0.000000 1.100000  6 200 1 504403158265495589 2147483851 1 504403158265495589 2301 2 1224979098644774912 576460752303423507 2147483678 2 144115188075856154 1224979098644774912 2302 2 1224979098644774913 576460752303423507 31 2 1224979098644774913 144115188075856155  2 1106 1 216172782113783826 1 3 936748722493063398 504403158265495589 0 
0.300000 0.000000 1.100000  6 200 1 504403158265495589 2147483850 1 504403158265495589 2301 2 1224979098644774912 576460752303423507 2147483678 2 144115188075856154 1224979098644774912 2302 2 1224979098644774913 576460752303423507 2147483679 2 1224979098644774913 144115188075856155  1 1 2 936748722493063453 504403158265495589 
1.000000 0.000000 0.000000  5 200 1 504403158265495590 526 3 1224979098644774912 504403158265495590 6 132 1 1224979098644774912 131 1 1224979098644774912 1232 1 1224979098644774912  0 
0.000000 0.000000 336.000000  22 6 3 1224979098644774912 360287970189640268 360287970189640279 500 3 1224979098644774912 9 0 2147483679 2 1224979098644774912 144115188075855941 520 3 1224979098644774913 1224979098644774912 11 542 3 1224979098644774913 9 0 542 3 1224979098644774913 36 1 2147484188 3 1224979098644774912 0 2 6 3 1224979098644774914 0 30 540 3 1224979098644774912 9 0 2136 3 1224979098644774915 648518346341351448 648518346341351490 2204 2 1224979098644774916 1224979098644774915 2190 3 1224979098644774917 1224979098644774916 1224979098644774913 2147483680 2 1224979098644774917 0 500 3 1224979098644774912 9 1224979098644774915 4 0 31 2 144115188075855877 1 2322 2 4 1224979098644774912 2330 2 5 1224979098644774915 1106 1 1585267068834416870 3 0 3 0 3 0  0 
1.000000 0.000000 0.000000  16 1506 2 1224979098644774912 360287970189639680 2109 2 1224979098644774912 2 31 2 1224979098644774912 1 6 3 1224979098644774913 360287970189640071 360287970189640099 540 3 1224979098644774913 0 5 1540 2 1224979098644774914 1224979098644774913 6 3 1224979098644774915 0 1224979098644774914 1541 3 1224979098644774916 1224979098644774913 1224979098644774915 30 2 1224979098644774916 0 1073741855 2 1224979098644774916 288230376151712468 1073741855 2 1224979098644774916 288230376151712485 31 2 1224979098644774916 288230376151712519 372 1 80 2133 2 1224979098644774914 0 3 0 3 0  0 
0.000000 0.000000 0.000000  3 31 2 144115188075856033 1 32 2 144115188075856349 0 2147483780 1 144115188075856349  18 2133 2 144115188075856033 0 1 1 936748722493063604 1 1 936748722493063610 1650 2 1224979098644774912 648518346341351424 7 3 1224979098644774913 0 1224979098644774912 1652 3 1224979098644774914 648518346341351424 1224979098644774913 2147485155 1 1224979098644774914 1653 3 1224979098644774915 648518346341351424 1224979098644774913 1615 3 648518346341351424 1224979098644774914 1224979098644774915 3 0 2173 2 1224979098644774916 144115188075856073 6 3 1224979098644774917 432345564227567657 432345564227567689 2147483679 2 1224979098644774916 1224979098644774917 542 3 1224979098644774917 9 0 1 3 936748722493063356 1224979098644774917 0 3 0 2133 2 144115188075855881 144115188075856303 2060 1 864691128455135428 
0.000000 0.000000 0.000000  15 31 2 144115188075856033 1 4 0 561 3 648518346341351427 60 1 37 0 501 3 648518346341351427 60 0 1695 2 1224979098644774912 648518346341351424 7 3 1224979098644774913 0 1224979098644774912 1696 3 1224979098644774914 648518346341351424 1224979098644774913 1661 1 1224979098644774914 3 0 3 0 1680 2 1224979098644774915 144115188075856349 32 2 1224979098644774915 0 2175 2 1224979098644774916 360287970189639680 30 2 1224979098644774916 50  1 2060 1 864691128455135509 
1.000000 0.000000 0.000000  8 31 2 144115188075856033 0 32 2 144115188075856349 0 2147483780 1 144115188075856349 2173 2 1224979098644774912 144115188075856073 2190 3 1224979098644774913 432345564227567657 1224979098644774912 2147483678 2 1224979098644774913 0 1696 3 1224979098644774914 648518346341351424 0 31 2 648518346341351428 1224979098644774914  37 2133 2 144115188075856349 -1 1661 1 648518346341351428 2170 3 1224979098644774912 1369094286720630785 360287970189639680 2170 3 1224979098644774913 1369094286720630791 360287970189639680 2120 3 1224979098644774914 1224979098644774913 1224979098644774912 2105 2 1224979098644774914 10 2136 3 1224979098644774915 0 1224979098644774914 4 0 33 3 1224979098644774915 0 5 1 3 936748722493063238 648518346341351424 0 2133 2 1224979098644774916 72057594037927936 1 3 936748722493063238 648518346341351428 0 2133 2 1224979098644774917 72057594037927936 30 2 1224979098644774917 1224979098644774916 1651 2 1224979098644774918 648518346341351428 6 3 1224979098644774919 0 1224979098644774918 1656 3 1224979098644774920 648518346341351428 1224979098644774919 1657 3 1224979098644774921 648518346341351428 1224979098644774919 1616 3 648518346341351428 1224979098644774920 1224979098644774921 3 0 1120 2 1585267068834417085 1585267068834417086 1300 1 648518346341351428 2052 0 5 0 33 3 1224979098644774915 5 10 1120 2 1585267068834417087 1585267068834417088 1617 1 648518346341351428 5 0 1120 2 1585267068834417089 1585267068834417088 1650 2 1224979098644774918 648518346341351428 6 3 1224979098644774919 0 1224979098644774918 1652 3 1224979098644774920 648518346341351428 1224979098644774919 1653 3 1224979098644774921 648518346341351428 1224979098644774919 1610 3 648518346341351424 1224979098644774920 1224979098644774921 3 0 1617 1 648518346341351428 3 0 
0.000000 0.000000 0.000000  6 31 2 144115188075856033 1 71 1 224 2124 1 1000 75 1 0 727 2 1224979098644774912 0 32 2 1224979098644774912 50  2 2060 1 864691128455135509 1031 3 9999 4 0 
24.000000 0.000000 0.000000  1 31 2 144115188075856033 2  16 520 3 1224979098644774912 360287970189639680 133 4 0 32 2 1224979098644774912 5 2106 2 1224979098644774912 1 500 3 360287970189639680 133 1224979098644774912 5 0 33 3 1224979098644774912 1 5 2133 2 72057594037927936 1224979098644774912 1106 1 1585267068834417090 2106 2 1224979098644774912 1 500 3 360287970189639680 133 1224979098644774912 5 0 31 2 1224979098644774912 0 1 1 936748722493063609 1106 1 1585267068834417091 3 0 
24.000000 0.000000 288.000000  0  25 2133 2 1224979098644774912 0 6 3 1224979098644774913 648518346341351448 648518346341351777 521 3 1224979098644774914 1224979098644774913 6 31 2 1224979098644774914 360287970189639680 2133 2 1224979098644774912 1 3 0 31 2 1224979098644774912 1 4 0 31 2 144115188075855877 1 2133 2 72057594037927936 144115188075855954 1106 1 1585267068834417092 3 0 2133 2 1224979098644774915 0 4 0 31 2 144115188075855954 0 2133 2 1224979098644774915 1 5 0 2147483679 2 144115188075855954 -1 2147483679 2 144115188075855954 360287970189641228 2133 2 1224979098644774915 1 3 0 4 0 31 2 1224979098644774915 1 1 4 936748722493063373 864691128455135578 0 0 3 0 
24.000000 0.000000 336.000000  0  25 2133 2 1224979098644774912 0 6 3 1224979098644774913 648518346341351448 648518346341351490 521 3 1224979098644774914 1224979098644774913 6 31 2 1224979098644774914 360287970189639680 2133 2 1224979098644774912 1 3 0 31 2 1224979098644774912 1 4 0 31 2 144115188075855877 1 2133 2 72057594037927936 144115188075855947 1106 1 1585267068834417093 3 0 2133 2 1224979098644774915 0 4 0 31 2 144115188075855947 0 2133 2 1224979098644774915 1 5 0 2147483679 2 144115188075855947 -1 2147483679 2 144115188075855947 360287970189641229 2133 2 1224979098644774915 1 3 0 4 0 31 2 1224979098644774915 1 1 4 936748722493063373 864691128455135580 0 0 3 0 
1.000000 0.000000 0.000000  3 31 2 144115188075857561 1 2271 1 72057594037927936 32 2 72057594037927936 18  10 1106 2 216172782113787947 4292863579 2133 2 144115188075857561 0 2135 2 72057594037927937 10 4 1 0 2147483678 2 72057594037927937 7 600 1 1152921504606847154 5 1 0 30 2 72057594037927937 7 600 1 1152921504606847154 3 1 0 
1.000000 0.000000 0.000000  4 31 2 144115188075857561 0 2271 1 72057594037927936 30 2 72057594037927936 5 2147483680 2 72057594037927936 18  10 1106 2 216172782113787946 4292863579 2133 2 144115188075857561 1 2135 2 72057594037927937 10 4 1 0 2147483678 2 72057594037927937 7 600 1 1152921504606847155 5 1 0 30 2 72057594037927937 7 600 1 1152921504606847155 3 1 0 
0.000000 6.000000 12.000000  0  3 4 0 600 1 1152921504606847156 3 0 
24.000000 270.000000 100000000.000000  1 31 2 144115188075856076 1  1 2133 2 144115188075856075 1 
360.000000 0.000000 0.000000  1 1 1 936748722493064006  0 
0.000000 0.000000 24.000000  0  71 6 3 1224979098644774912 360287970189640071 360287970189640099 500 3 1224979098644774912 70 0 4 0 540 3 1224979098644774912 2 1 500 3 1224979098644774912 69 1 3 0 4 0 520 3 1224979098644774913 1224979098644774912 0 31 2 1224979098644774913 11 520 3 1224979098644774914 1224979098644774912 72 520 3 1224979098644774915 360287970189639680 4 32 2 1224979098644774915 1224979098644774914 500 3 1224979098644774912 61 0 500 3 1224979098644774912 54 0 500 3 1224979098644774912 0 0 3 0 4 0 560 3 1224979098644774912 133 5 540 3 1224979098644774912 134 1 520 3 1224979098644774916 1224979098644774912 131 540 3 1224979098644774916 132 0 500 3 1224979098644774916 132 1 4 0 31 2 144115188075855877 1 2322 2 3 1224979098644774912 2322 2 4 1224979098644774916 1106 1 216172782113787007 3 0 3 0 4 0 110 1 1224979098644774912 4 0 31 2 144115188075856189 0 540 3 1224979098644774912 132 1 2133 2 144115188075856189 1224979098644774912 3 0 3 0 4 0 110 1 1224979098644774912 4 0 1 2 936748722493063493 1224979098644774912 2133 2 1224979098644774917 72057594037927936 2147483678 2 1224979098644774917 20 2136 3 1224979098644774918 0 100 2105 2 1224979098644774917 1224979098644774918 2147483678 2 1224979098644774917 20 2133 2 144115188075856179 1224979098644774912 3 0 3 0 4 0 110 1 1224979098644774912 5 0 540 3 1224979098644774912 0 5 4 0 520 3 1224979098644774919 1224979098644774912 133 32 2 1224979098644774919 0 2106 2 1224979098644774919 1 500 3 1224979098644774912 133 1224979098644774919 5 0 540 3 1224979098644774912 134 11 560 3 1224979098644774912 358 1 500 3 360287970189639712 135 1224979098644774912 2133 2 144115188075855946 360287970189639712 5 0 560 3 1224979098644774912 134 1 3221226012 3 1224979098644774912 134 8 101 1 648518346341351424 2133 2 144115188075855946 1224979098644774912 3 0 3 0 3 0 
24.000000 0.000000 312.000000  0  25 2133 2 1224979098644774912 0 6 3 1224979098644774913 648518346341351448 648518346341351565 521 3 1224979098644774914 1224979098644774913 6 31 2 1224979098644774914 360287970189639680 2133 2 1224979098644774912 1 3 0 31 2 1224979098644774912 1 4 0 31 2 144115188075855877 1 2133 2 72057594037927936 144115188075855960 1106 1 1585267068834417094 3 0 2133 2 1224979098644774915 0 4 0 31 2 144115188075855960 0 2133 2 1224979098644774915 1 5 0 2147483679 2 144115188075855960 -1 2147483679 2 144115188075855960 360287970189641569 2133 2 1224979098644774915 1 3 0 4 0 31 2 1224979098644774915 1 1 4 936748722493063373 864691128455135749 0 0 3 0 
6.000000 0.000000 0.000000  17 2133 2 1224979098644774912 0 1073741855 2 144115188075855904 1 31 2 144115188075855912 1 4 0 31 2 144115188075855877 1 1106 1 1585267068834417095 3 0 4 0 2147483780 1 144115188075855905 2133 2 1224979098644774912 1 5 0 2291 2 1224979098644774913 144115188075855905 3221225503 2 1224979098644774913 144115188075856198 2147483679 2 1224979098644774913 648518346341351424 2133 2 1224979098644774912 1 3 0 31 2 1224979098644774912 1  6 2133 2 144115188075855904 0 2133 2 144115188075855912 0 4 0 31 2 144115188075855877 1 1106 1 1585267068834417096 3 0 
